44409800078
61151042030
18157481929
40580491978
40694502626
12467784835
86602422545
47275201410
51065964757
18587227645
37428378184
68951230406
80884348407
48762797727
94531962826
92409399380
35822885284
99437988900
70676020330
13714105000
32698148527
67140066086
69217405442
87760835434
82410701795
68178116600
46501713188
65481690268
84648202244
23921715210
11947783726
71426127383
26220524802
50773539646
99893025532
61274906180
48088118638
29524587661
13481076770
25986612817
36984809568
17347521815
53767610531
31799327833
52209553571
17261495018
76909586999
46228264885
73573682464
54767055385
12878346718
10903762609
15972654970
71684238358
73679415931
70610702181
38845718859
91592677207
66359317249
79271489667
23083576498
37047123539
86462065567
91591284376
28415256272
37581469760
40563631619
56747106865
20207200513
19509527971
99662918493
73219861792
43413752456
22959341171
40051753685
12639064789
70112064930
15140379805
64414502675
65743924112
77118288535
16847749261
23772790747
80274804344
54399446994
93650896702
20089967003
22035488940
15614414819
67330650021
96621243227
81801565678
97925582766
23210527830
45838233559
32503943438
51874438285
14602461360
72753583790
54499740355
32800785985
69559874292
64486666801
95442842303
71380055806
41624045774
60045276617
89309508922
96095277361
70308690443
86102232054
19766106649
20102803340
94276463149
35405079146
75919604905
42428431196
67217262461
57393200031
36816874552
51651663092
78055735654
75824542350
38377770652
39997048458
72767225203
87429620566
27169105101
54011800635
84449388070
92848165642
61708791140
43137782503
98838728950
75578243509
24785095393
29107155077
30719393612
79202770190
66907253593
49125933035
38351288330
39132342500
72173847295
95170844204
89146011536
83892806985
37664725500
98524113650
80887871739
94586920831
85675719954
70258069430
36376774580
14665445117
57865852045
88623724267
40282757503
63986536027
87811057549
19507858660
27948141685
81566409772
33867659710
95413762828
10408612533
89117361982
39082162490
12892036445
88804000619
87644385975
35381348398
15817305437
27779468925
32062540000
61732287856
94470863220
11162319216
94157236297
21410839311
62526049920
82849474711
83036655964
73449024949
95785934906
93188884575
56455684192
24241237304
21375431501
57650470920
40710690827
72340627427
24021634533
96998826621
44738340859
14956093837
73683255196
44838168373
29851366102
20562873406
77620172246
40866398589
70140825312
40046287507
98645513889
78569404417
52005004782
52126618706
20204594502
25105393376
44956922914
39999114504
32970841207
90831553154
24329489473
42374801942
91460887255
29395620404
21196260222
35426165408
64299751507
19458302200
87665309542
35870268400
33525191707
56983386639
61778817424
91719640378
77889695241
92789359997
22035212103
37075329502
95673501080
93749768382
39898310979
83959421257
87251902613
41196754080
27261087688
49384173916
62775598854
41626010110
45622942993
62937575641
56581687162
16581177512
70375767355
92490213563
35105808851
39131401236
35292274399
36235774133
33266615760
11920612173
44857192608
89408161025
72557534188
26369885991
31865959081
87416183359
52511195186
88944871809
13753380997
24918869793
50537044493
98843026933
20150055366
61836508034
89456381056
10795325100
59522644412
63876762820
54202363116
37701766260
17543334780
51335316728
32817863402
14875344503
37734631703
77299693194
92924619157
60505182548
93974279709
50069400342
47271774394
48997727265
17739892190
44958199926
70377756490
22482796040
69416403911
90261449036
46912426603
91723369608
82202968105
12785495950
52910824888
25135614303
42687677205
27350345771
84190615900
56558357704
57100507413
15482750779
73392336955
82406053202
23988302252
95073439546
29158261370
16111181742
79795352512
23067629701
98855892606
58572202978
77539571802
39150500910
26806086667
78915021533
69892809483
33824360357
43821869607
38711583720
90949960225
49844239192
52739802757
66302624339
85659872808
57781421370
29861401229
39816577992
52451037458
23995601324
22822158690
44604130868
33661496476
29312091808
94792708702
19868817684
69924174011
83161108060
16201793348
32952730903
62964745986
74359930429
94464180540
58145212600
45613232873
30153380055
23046762003
25018753978
63758664640
59575085604
84017057209
13408543097
28504987264
41082446211
22774860350
90669636622
44166652028
22281300870
19971017008
21398989312
14311917520
27807300990
87501510610
62063938288
57447851590
28735376716
71483197654
95418113453
86149763994
95611154506
59653284940
72945631520
50470878592
62965540369
86664902761
31483705544
34634806460
82310481700
57294209197
58270522724
42263564381
80860898601
59364279000
18505562291
37251051460
14257065257
94761805285
22193213127
32794838326
47519754553
42490205927
22257335031
19350773090
94884017889
79485667914
20309826950
51942509324
35325929836
50262630974
13427689220
90306841940
71117177599
87889283148
53960889151
12368796436
78760118881
16580797010
97243045669
26862867920
83119487120
86648260050
58363391719
27419666300
51756078203
98342912566
23189352542
78945288627
75145808836
73300844924
41916017509
98449228018
15537248794
88648382106
87909764790
95450445350
32206529998
63785320523
54574880554
87169491613
17317019500
79782174181
43663740307
95290449418
28364118722
37599583890
66290284495
10416197310
15690442283
55021943618
94786578606
61192098757
32786626528
86564829124
41447303520
62792096870
63756850013
88805647225
33613376407
22032884186
50064853888
13726600540
38570444974
78269390038
71541888987
34269394102
20842582002
55466183962
77629640293
38269105325
50279267312
42538856671
92418163768
72822548420
45071904608
32824607327
47863943868
68107732154
59372492167
36400379525
72010139470
96333025100
52267998459
49426754482
28086805972
11552501094
71263995969
56453153246
81616369078
13831898383
92512578763
52399309022
52087864780
46599063969
75854241242
16609457395
83798008507
30215054229
87036402997
36039809132
89421049837
12283383617
93685904604
52542433410
67753618903
74334488021
88109782930
17507921255
74941353676
98048968690
66526707807
83024580905
47217840155
88595289093
37192904686
25575524701
14841891919
51666350001
61115087924
81165938707
81983431486
97212778940
43732465802
57184426908
61028395442
96240370002
93967642992
48666684585
10752026208
97747312989
49565403107
57952980505
39290197285
45655459930
41902271610
42127002555
92540819575
62998317235
23858215910
91019353481
33621333126
41748232789
12063611238
59238682372
13932226763
48260437830
45312953580
73634729988
73233457820
94655569719
92667231775
70035162414
70035162414
53532514583
72594805211
17995188846
98968766061
82724749723
38331172655
10844360279
54419206616
13636766287
15580153376
80794075762
47404029392
92729072330
66485653570
57318018191
45076997892
24591826350
40076592065
19909023407
85276564264
33564301224
47036143240
40689584830
84864167281
62520172720
80575688793
56573815211
84646471744
21002403901
81498724930
77428765072
64993819269
36788434417
47364962310
42761048318
50147359597
18658798356
51396298525
94979267408
28915490401
27285832855
31332231195
43607282633
28059436945
73330699582
27922109407
36115258987
84135277241
22645609597
89561506564
62398444384
54664938055
75217470461
49550223329
47874133170
68327887700
29861346295
69937383250
16121962682
63877708153
58376316664
50983257736
68292306323
88149011552
62241756245
30873470001
69682068975
57427900901
28752909590
37353077875
15964739164
12750549949
82250225052
31490839313
90997468734
82482197554
53594700704
31556258488
94817114479
49211981956
45039063482
16546426900
62767201860
71377207226
26318982817
94686661072
22861457686
38177332830
85433601374
84673987870
30340125438
58975274403
86525972949
45500192710
85020922005
80626724171
15698839123
75446935543
67819249072
12523233878
92849641308
91415441880
43473978108
71572263083
52735542173
36856078129
23095406410
21132513294
39149892894
66243844412
95161247479
38811695716
68383908091
67046504660
12009233166
33264889471
13444303335
25830165392
68752085805
60747509123
46684842705
77679314470
20687894859
81235464830
83577028483
68528765865
85100256222
70340347376
43281204333
49102900874
12600159479
23305525215
80850822505
95358567666
26426072087
45293408640
21819345173
80340215984
56324620646
47975654973
19788153526
45637446466
44679877707
80625460987
56663926977
62244103137
13221629990
71957522240
63782389107
92096900360
28268611669
61499701322
13524200311
57326217840
22437504575
93062202866
15877279351
91434593401
48426747256
71385454288
49157638381
62573198545
53002230189
59908792610
25881906691
89229422584
80746419538
97454437940
44839088632
24073775758
62288908327
13110124432
94358695051
65743440344
41031892907
20206974590
29575370015
20396409407
42905591668
47676724147
94466581444
99712807797
74561293205
80673112691
71751444902
11496817648
41902580320
32051101370
43482546053
26996611989
47308810283
47570036174
59322106212
88968057249
93697836528
67368642247
19935027422
87395697723
53624784277
21382612206
78311818908
72989139214
65572228052
82817569938
92180965168
33736787650
69255181700
32723235203
72551652731
19664495344
81012427323
53651184137
11837061203
34370236088
96626213857
91335572767
56219655826
94189823902
24705518705
22005171220
66920301709
54441579420
41579432441
33681257370
23008439357
35157731000
46835654473
79779297677
26457878431
56664067790
57718111903
33746980003
44600896700
69993502642
31403018472
27355095404
11758981989
13380478172
78099841875
52877175804
43304204571
61643265245
41623734851
49441694690
62346806900
92498727639
33686951347
95465956089
92035354897
15116224589
52843157315
78177741373
39661142670
62619239818
10051369800
83112147863
40586098003
21127397869
93167335106
51625435860
97049878979
16760391632
51030364524
20634670131
97508832418
77099653008
57819294795
81327361256
56905344982
12519379774
78549212610
97395761251
67611803255
80490765122
58730995108
36688172607
78095026034
51688730303
74064764773
32716077886
41537047175
66573884620
39265808950
87572732860
14005027563
44851392044
26116938701
25874865640
71030971781
41878957953
52771964988
67650449904
57817912807
55273402727
85742788070
94389946455
62899204564
76549601231
74389479717
45413783370
77797780889
17842382360
12127585607
49789349742
49431341735
38792130208
85533577084
68029938993
58631184233
10287141659
56119879234
10355946092
17789413546
70674337204
58375352179
75327078302
25153887600
32276248858
16895953370
31326124218
25797206692
88553756106
35126491490
49227267808
70724522220
55092873221
47270573794
64071156040
62765041229
42395471488
18479133341
43497988898
84278020481
50713470917
69583903930
36938056102
46019625010
32736407407
63568919206
42398153630
32930786566
50669791318
86927999043
95079465948
58812609295
51599455471
43852729807
25528449529
35335638206
41115583646
95908771503
46036409788
99947745813
55937431936
29485013698
52009949935
93448117099
98490942226
71120819555
35412923771
42849004391
70079630219
54837157998
60324978952
45214600976
68099376684
30009024069
88199433280
31770869077
67882669563
80472675664
78572495215
22690732076
43626529223
80716257440
51539894029
61868302172
33845084405
77377273704
20685784924
92607915708
10387679545
63477159705
36020836088
86849738011
19080437506
99403898178
38466466797
63824914700
32430541688
65957381209
95011372367
54734882690
76231936511
76478056066
20221478558
32789884269
54048979370
96771594882
46243383326
92050124244
53830391390
16803982459
68838198276
15579933002
63333572435
58001869440
96985021654
52028548622
12587173442
85710235300
62947000358
31339324032
43791033409
53777991007
21526174871
57231978860
54643196033
91017739846
52506746587
54127049138
85412398294
11570233390
95567804083
93579377493
22859977104
61625135211
40997741392
67555027313
39024522773
67095245231
79326654850
92538291925
63928854801
17223756985
20794303005
82808230770
22229800701
19227951199
50858364212
66283621325
55907669233
18595407320
66268007280
98433078526
77760229186
14806909882
76590916209
10430581920
75897687404
89527872693
63313010202
93979805131
19545366664
51595216073
79738441200
