14239089298
66903007067
12018609629
51497480809
28291942170
54034247681
40921642385
67041622673
62657913709
86891103720
95280538078
22216552909
32923859626
97146732320
24361042713
46014634754
57581495434
88598694800
81891224280
65759541897
38204146221
28474868955
21607433800
92841917690
18210745727
54161188811
57006038707
98887251657
83502836612
33795153298
39792775692
57932652286
24589541203
28074942341
88413624649
38613119506
31806995239
12214700781
57404035708
98642875755
86131994536
24560157898
29481641848
17905169359
43137883016
11669866084
66031391627
40723539065
35335638206
64013494256
13992905179
80579772489
94976396002
41699409110
36744224921
91401113699
63049720328
44807734440
90392072750
70610550730
55987042429
73162897831
28268611669
97231355749
98384076316
29072318200
50250331446
63028825325
53748357346
34700499630
80498833020
41035035219
48821294935
65581485011
98598689300
19835944318
12103891694
37247902019
82037566204
12699662275
18924517007
85675719954
59851561339
24144127630
59787692903
73427595544
65084087557
17318493701
70298403560
38681915002
96037783039
31313763764
98277186304
57118208264
27864824706
82617722929
45024855949
99105141419
84161425139
69101889931
